{
  "advancedEditorSelectedIdentifier" : "ProjectBrowser",
  "openSceneRelativePaths" : [
    "Immersive.usda"
  ],
  "recentIdentifiers" : {
    "AF09ED6F-1707-48FD-8720-65B998362C09" : [

    ]
  },
  "sceneCameraHistory" : {
    "AF09ED6F-1707-48FD-8720-65B998362C09" : [
      {
        "date" : 762260966.480289,
        "title" : "Untitled",
        "transform" : [
          0.99798316,
          1.8560176e-09,
          0.06347916,
          0,
          0.017341636,
          0.9619611,
          -0.27263534,
          0,
          -0.061064493,
          0.27318636,
          0.960021,
          0,
          -0.5495046,
          2.4349778,
          6.119598,
          1
        ]
      },
      {
        "date" : 762260957.880318,
        "title" : "Untitled",
        "transform" : [
          0.99965966,
          3.5094438e-10,
          0.0260875,
          0,
          0.019913256,
          0.646014,
          -0.7630658,
          0,
          -0.016852893,
          0.76332563,
          0.6457941,
          0,
          -0.004469985,
          6.0342197,
          3.0467143,
          1
        ]
      },
      {
        "date" : 762260926.130163,
        "title" : "Untitled",
        "transform" : [
          0.99939054,
          9.1955155e-10,
          0.034907978,
          0,
          0.013306743,
          0.9244947,
          -0.3809626,
          0,
          -0.032272242,
          0.38119495,
          0.92393124,
          0,
          -0.047692433,
          1.6248094,
          2.24702,
          1
        ]
      },
      {
        "date" : 762260905.729797,
        "title" : "Untitled",
        "transform" : [
          0.63717484,
          9.295221e-09,
          -0.77071923,
          0,
          -0.39636356,
          0.8576238,
          -0.32768473,
          0,
          0.6609872,
          0.5142775,
          0.54645646,
          0,
          1.7501065,
          1.4287518,
          0.671315,
          1
        ]
      },
      {
        "date" : 762260896.030772,
        "title" : "Untitled",
        "transform" : [
          0.9088388,
          5.743228e-09,
          -0.41714746,
          0,
          -0.19819483,
          0.8799214,
          -0.43180692,
          0,
          0.36705697,
          0.47511938,
          0.79970676,
          0,
          1.2751899,
          1.180075,
          0.7887266,
          1
        ]
      },
      {
        "date" : 762260894.262842,
        "title" : "Untitled",
        "transform" : [
          0.9088388,
          5.743228e-09,
          -0.41714746,
          0,
          -0.19819483,
          0.8799214,
          -0.43180692,
          0,
          0.36705697,
          0.47511938,
          0.79970676,
          0,
          2.0098786,
          2.1310608,
          2.3893924,
          1
        ]
      },
      {
        "date" : 762260730.198219,
        "title" : "Untitled",
        "transform" : [
          0.90258145,
          6.108995e-09,
          0.43051907,
          0,
          0.18091013,
          0.9074251,
          -0.37927732,
          0,
          -0.39066383,
          0.42021397,
          0.8190251,
          0,
          -0.53734624,
          1.9112384,
          3.2331252,
          1
        ]
      },
      {
        "date" : 762260629.515813,
        "title" : "Untitled",
        "transform" : [
          0.90258145,
          6.108995e-09,
          0.43051907,
          0,
          0.18091013,
          0.9074251,
          -0.37927732,
          0,
          -0.39066383,
          0.42021397,
          0.8190251,
          0,
          -2.2166233,
          2.3842907,
          4.647142,
          1
        ]
      },
      {
        "date" : 762260626.532348,
        "title" : "Untitled",
        "transform" : [
          0.999516,
          0,
          0.031107651,
          0,
          0.021996431,
          0.7071069,
          -0.7067645,
          0,
          -0.021996435,
          0.70710677,
          0.70676464,
          0,
          -0.124807596,
          4.0121183,
          4.010177,
          1
        ]
      }
    ]
  },
  "sceneViewportBackgroundColors" : {

  }
}