{
  "advancedEditorSelectedIdentifier" : "BehaviorsPluginID",
  "openSceneRelativePaths" : [
    "Immersive.usda",
    "Assets\/Interior\/INT.usdc"
  ],
  "recentIdentifiers" : {
    "5E15EA0D-0C1B-453E-AA3C-53024BA18A60" : [

    ],
    "AF09ED6F-1707-48FD-8720-65B998362C09" : [

    ]
  },
  "sceneCameraHistory" : {
    "AF09ED6F-1707-48FD-8720-65B998362C09" : [
      {
        "date" : 762271682.829033,
        "title" : "Untitled",
        "transform" : [
          1,
          0,
          0,
          0,
          0,
          1,
          0,
          0,
          0,
          0,
          1,
          0,
          -0.01569748,
          0.9041677,
          -0.022864342,
          1
        ]
      },
      {
        "date" : 762271604.97797,
        "title" : "Untitled",
        "transform" : [
          1,
          0,
          0,
          0,
          0,
          1,
          0,
          0,
          0,
          0,
          1,
          0,
          -0.013975918,
          0.90933144,
          -0.022864223,
          1
        ]
      },
      {
        "date" : 762271590.780726,
        "title" : "Untitled",
        "transform" : [
          1,
          0,
          0,
          0,
          0,
          1,
          0,
          0,
          0,
          0,
          1,
          0,
          0,
          1.0023013,
          -0.022864228,
          1
        ]
      },
      {
        "date" : 762268591.465107,
        "title" : "Untitled",
        "transform" : [
          0.7183589,
          -1.2548229e-08,
          0.6956727,
          0,
          0.3088703,
          0.8960327,
          -0.31894267,
          0,
          -0.6233455,
          0.44398794,
          0.64367306,
          0,
          -0.7710364,
          1.2426499,
          -0.15469152,
          1
        ]
      },
      {
        "date" : 762268552.842062,
        "title" : "Untitled",
        "transform" : [
          0.67925036,
          1.296517e-08,
          0.7339066,
          0,
          0.28116843,
          0.9237019,
          -0.26022893,
          0,
          -0.677911,
          0.3831121,
          0.62742484,
          0,
          -0.8845496,
          1.2213815,
          -0.19944263,
          1
        ]
      },
      {
        "date" : 762267775.400537,
        "title" : "Untitled",
        "transform" : [
          0.67925036,
          1.296517e-08,
          0.7339066,
          0,
          0.28116843,
          0.9237019,
          -0.26022893,
          0,
          -0.677911,
          0.3831121,
          0.62742484,
          0,
          -0.9065979,
          1.2110932,
          -0.21698314,
          1
        ]
      },
      {
        "date" : 762263427.814285,
        "title" : "Untitled",
        "transform" : [
          0.67925036,
          1.296517e-08,
          0.7339066,
          0,
          0.28116843,
          0.9237019,
          -0.26022893,
          0,
          -0.677911,
          0.3831121,
          0.62742484,
          0,
          -3.782277,
          3.0597315,
          3.6680188,
          1
        ]
      },
      {
        "date" : 762263410.382125,
        "title" : "Untitled",
        "transform" : [
          0.02308556,
          2.3390827e-09,
          0.9997335,
          0,
          0.8237463,
          0.5666393,
          -0.01902172,
          0,
          -0.5664882,
          0.8239659,
          0.013081186,
          0,
          -3.8810039,
          6.1487126,
          -0.28028935,
          1
        ]
      },
      {
        "date" : 762263333.864364,
        "title" : "Untitled",
        "transform" : [
          0.56658983,
          1.6641382e-09,
          0.824,
          0,
          0.3878458,
          0.88230044,
          -0.2666863,
          0,
          -0.7270155,
          0.4706867,
          0.49990243,
          0,
          -4.645718,
          3.6847267,
          3.0003486,
          1
        ]
      },
      {
        "date" : 762260966.480289,
        "title" : "Untitled",
        "transform" : [
          0.99798316,
          1.8560176e-09,
          0.06347916,
          0,
          0.017341636,
          0.9619611,
          -0.27263534,
          0,
          -0.061064493,
          0.27318636,
          0.960021,
          0,
          -0.5495046,
          2.4349778,
          6.119598,
          1
        ]
      }
    ]
  },
  "sceneViewportBackgroundColors" : {

  },
  "selectedSceneRelativePath" : "Immersive.usda"
}