{
  "advancedEditorSelectedIdentifier" : "ProjectBrowser",
  "openSceneRelativePaths" : [
    "Immersive.usda",
    "Assets\/Interior\/INT.usdc",
    "SkySphere\/SkySphere.usdc"
  ],
  "recentIdentifiers" : {
    "4E6464E2-ED0D-48CD-92E9-A4702E31A5FC" : [

    ],
    "5E15EA0D-0C1B-453E-AA3C-53024BA18A60" : [

    ],
    "AF09ED6F-1707-48FD-8720-65B998362C09" : [

    ]
  },
  "sceneCameraHistory" : {
    "4E6464E2-ED0D-48CD-92E9-A4702E31A5FC" : [
      {
        "date" : 763694047.969916,
        "title" : "Untitled",
        "transform" : [
          0.9995689,
          -1.2797263e-11,
          0.029362094,
          0,
          0.0007919925,
          0.9996362,
          -0.02696167,
          0,
          -0.02935141,
          0.0269733,
          0.9992052,
          0,
          0,
          1.6,
          2,
          1
        ]
      },
      {
        "date" : 763694039.303351,
        "title" : "Untitled",
        "transform" : [
          0.98546904,
          5.055538e-10,
          0.16985509,
          0,
          0.09687733,
          0.8213998,
          -0.56206506,
          0,
          -0.13951893,
          0.57035285,
          0.8094641,
          0,
          0,
          1.6,
          2,
          1
        ]
      }
    ],
    "9803847B-F7BB-417B-96C6-63B5624827CD" : [
      {
        "date" : 763693620.700255,
        "title" : "Untitled",
        "transform" : [
          0.99999803,
          0,
          -0.0019836412,
          0,
          -0.001402646,
          0.7071068,
          -0.70710534,
          0,
          0.0014026462,
          0.7071067,
          0.70710546,
          0,
          0.08761136,
          44.166943,
          44.166855,
          1
        ]
      },
      {
        "date" : 763693615.182824,
        "title" : "Untitled",
        "transform" : [
          1,
          0,
          0,
          0,
          0,
          0.7071069,
          -0.70710677,
          0,
          0,
          0.70710677,
          0.7071069,
          0,
          0,
          582.6596,
          582.6596,
          1
        ]
      }
    ],
    "AF09ED6F-1707-48FD-8720-65B998362C09" : [
      {
        "date" : 763694157.353648,
        "title" : "Untitled",
        "transform" : [
          0.89357305,
          -7.267269e-09,
          0.44891778,
          0,
          0.217086,
          0.87530214,
          -0.43211073,
          0,
          -0.39293867,
          0.48357624,
          0.7821465,
          0,
          -1.68526,
          2.947877,
          3.3682475,
          1
        ]
      },
      {
        "date" : 763694151.686445,
        "title" : "Untitled",
        "transform" : [
          1,
          0,
          0,
          0,
          0,
          1,
          0,
          0,
          0,
          0,
          1,
          0,
          -0.10090339,
          3.9251614,
          -0.10346171,
          1
        ]
      },
      {
        "date" : 762271682.829033,
        "title" : "Untitled",
        "transform" : [
          1,
          0,
          0,
          0,
          0,
          1,
          0,
          0,
          0,
          0,
          1,
          0,
          -0.01569748,
          0.9041677,
          -0.022864342,
          1
        ]
      },
      {
        "date" : 762271604.97797,
        "title" : "Untitled",
        "transform" : [
          1,
          0,
          0,
          0,
          0,
          1,
          0,
          0,
          0,
          0,
          1,
          0,
          -0.013975918,
          0.90933144,
          -0.022864223,
          1
        ]
      },
      {
        "date" : 762271590.780726,
        "title" : "Untitled",
        "transform" : [
          1,
          0,
          0,
          0,
          0,
          1,
          0,
          0,
          0,
          0,
          1,
          0,
          0,
          1.0023013,
          -0.022864228,
          1
        ]
      },
      {
        "date" : 762268591.465107,
        "title" : "Untitled",
        "transform" : [
          0.7183589,
          -1.2548229e-08,
          0.6956727,
          0,
          0.3088703,
          0.8960327,
          -0.31894267,
          0,
          -0.6233455,
          0.44398794,
          0.64367306,
          0,
          -0.7710364,
          1.2426499,
          -0.15469152,
          1
        ]
      },
      {
        "date" : 762268552.842062,
        "title" : "Untitled",
        "transform" : [
          0.67925036,
          1.296517e-08,
          0.7339066,
          0,
          0.28116843,
          0.9237019,
          -0.26022893,
          0,
          -0.677911,
          0.3831121,
          0.62742484,
          0,
          -0.8845496,
          1.2213815,
          -0.19944263,
          1
        ]
      },
      {
        "date" : 762267775.400537,
        "title" : "Untitled",
        "transform" : [
          0.67925036,
          1.296517e-08,
          0.7339066,
          0,
          0.28116843,
          0.9237019,
          -0.26022893,
          0,
          -0.677911,
          0.3831121,
          0.62742484,
          0,
          -0.9065979,
          1.2110932,
          -0.21698314,
          1
        ]
      },
      {
        "date" : 762263427.814285,
        "title" : "Untitled",
        "transform" : [
          0.67925036,
          1.296517e-08,
          0.7339066,
          0,
          0.28116843,
          0.9237019,
          -0.26022893,
          0,
          -0.677911,
          0.3831121,
          0.62742484,
          0,
          -3.782277,
          3.0597315,
          3.6680188,
          1
        ]
      },
      {
        "date" : 762263410.382125,
        "title" : "Untitled",
        "transform" : [
          0.02308556,
          2.3390827e-09,
          0.9997335,
          0,
          0.8237463,
          0.5666393,
          -0.01902172,
          0,
          -0.5664882,
          0.8239659,
          0.013081186,
          0,
          -3.8810039,
          6.1487126,
          -0.28028935,
          1
        ]
      }
    ]
  },
  "sceneViewportBackgroundColors" : {

  },
  "selectedSceneRelativePath" : "Immersive.usda"
}