{
  "advancedEditorSelectedIdentifier" : "ProjectBrowser",
  "openSceneRelativePaths" : [
    "Immersive.usda",
    "Assets\/Warp\/warp_shaped.usdc",
    "Assets\/Interior\/INT.usdc"
  ],
  "recentIdentifiers" : {
    "4E6464E2-ED0D-48CD-92E9-A4702E31A5FC" : [

    ],
    "5E15EA0D-0C1B-453E-AA3C-53024BA18A60" : [

    ],
    "AF09ED6F-1707-48FD-8720-65B998362C09" : [

    ],
    "B468B924-471E-424F-BFBD-3D6CD9DE8E69" : [

    ]
  },
  "sceneCameraHistory" : {
    "4E6464E2-ED0D-48CD-92E9-A4702E31A5FC" : [
      {
        "date" : 763694047.969916,
        "title" : "Untitled",
        "transform" : [
          0.9995689,
          -1.2797263e-11,
          0.029362094,
          0,
          0.0007919925,
          0.9996362,
          -0.02696167,
          0,
          -0.02935141,
          0.0269733,
          0.9992052,
          0,
          0,
          1.6,
          2,
          1
        ]
      },
      {
        "date" : 763694039.303351,
        "title" : "Untitled",
        "transform" : [
          0.98546904,
          5.055538e-10,
          0.16985509,
          0,
          0.09687733,
          0.8213998,
          -0.56206506,
          0,
          -0.13951893,
          0.57035285,
          0.8094641,
          0,
          0,
          1.6,
          2,
          1
        ]
      }
    ],
    "5E15EA0D-0C1B-453E-AA3C-53024BA18A60" : [
      {
        "date" : 763813598.087143,
        "title" : "Untitled",
        "transform" : [
          0.6884999,
          -3.485647e-10,
          -0.7252364,
          0,
          -0.32399234,
          0.8946637,
          -0.30758065,
          0,
          0.6488427,
          0.4467403,
          0.6159759,
          0,
          1.2786165,
          0.8925362,
          0.7404395,
          1
        ]
      },
      {
        "date" : 763813311.867173,
        "title" : "Untitled",
        "transform" : [
          0.6884999,
          -3.485647e-10,
          -0.7252364,
          0,
          -0.32399234,
          0.8946637,
          -0.30758065,
          0,
          0.6488427,
          0.4467403,
          0.6159759,
          0,
          1.2309474,
          0.90385914,
          0.7824402,
          1
        ]
      },
      {
        "date" : 763734950.839589,
        "title" : "Untitled",
        "transform" : [
          0.68849987,
          7.1817157e-09,
          -0.7252365,
          0,
          -0.3239924,
          0.89466375,
          -0.30758065,
          0,
          0.64884275,
          0.44674024,
          0.61597586,
          0,
          1.3073838,
          0.9030824,
          0.73106694,
          1
        ]
      },
      {
        "date" : 763734946.038388,
        "title" : "Untitled",
        "transform" : [
          0.68849987,
          7.1817157e-09,
          -0.7252365,
          0,
          -0.3239924,
          0.89466375,
          -0.30758065,
          0,
          0.6488428,
          0.4467403,
          0.6159759,
          0,
          1.8457702,
          1.2933518,
          1.3164369,
          1
        ]
      }
    ],
    "9803847B-F7BB-417B-96C6-63B5624827CD" : [
      {
        "date" : 763693620.700255,
        "title" : "Untitled",
        "transform" : [
          0.99999803,
          0,
          -0.0019836412,
          0,
          -0.001402646,
          0.7071068,
          -0.70710534,
          0,
          0.0014026462,
          0.7071067,
          0.70710546,
          0,
          0.08761136,
          44.166943,
          44.166855,
          1
        ]
      },
      {
        "date" : 763693615.182824,
        "title" : "Untitled",
        "transform" : [
          1,
          0,
          0,
          0,
          0,
          0.7071069,
          -0.70710677,
          0,
          0,
          0.70710677,
          0.7071069,
          0,
          0,
          582.6596,
          582.6596,
          1
        ]
      }
    ],
    "AF09ED6F-1707-48FD-8720-65B998362C09" : [
      {
        "date" : 763812199.871029,
        "title" : "Untitled",
        "transform" : [
          0.54529995,
          -1.5308974e-09,
          0.838241,
          0,
          0.024308505,
          0.9995794,
          -0.015813382,
          0,
          -0.8378884,
          0.028999422,
          0.5450706,
          0,
          -5.492474,
          0.9494311,
          1.7269771,
          1
        ]
      },
      {
        "date" : 763812195.728595,
        "title" : "Untitled",
        "transform" : [
          1,
          0,
          0,
          0,
          0,
          1,
          0,
          0,
          0,
          0,
          1,
          0,
          0.006162733,
          0.75898135,
          4.722192,
          1
        ]
      },
      {
        "date" : 763812102.680943,
        "title" : "Untitled",
        "transform" : [
          0.8101922,
          -8.339347e-10,
          0.58616424,
          0,
          0.011415042,
          0.99981034,
          -0.015777793,
          0,
          -0.5860531,
          0.019474134,
          0.81003857,
          0,
          -17.413836,
          3.447185,
          10.859136,
          1
        ]
      },
      {
        "date" : 763812100.118732,
        "title" : "Untitled",
        "transform" : [
          0.8101922,
          -8.339347e-10,
          0.58616424,
          0,
          0.011415042,
          0.99981034,
          -0.015777793,
          0,
          -0.5860531,
          0.019474134,
          0.81003857,
          0,
          -4.2970076,
          0.85062134,
          2.6795814,
          1
        ]
      },
      {
        "date" : 763811252.16379,
        "title" : "Untitled",
        "transform" : [
          0.8101922,
          -8.339347e-10,
          0.58616424,
          0,
          0.011415042,
          0.99981034,
          -0.015777793,
          0,
          -0.5860531,
          0.019474134,
          0.81003857,
          0,
          -2.743958,
          0.85063446,
          3.8031936,
          1
        ]
      },
      {
        "date" : 763811231.053835,
        "title" : "Untitled",
        "transform" : [
          1,
          0,
          0,
          0,
          0,
          1,
          0,
          0,
          0,
          0,
          1,
          0,
          0.006162733,
          0.75898135,
          4.722192,
          1
        ]
      },
      {
        "date" : 763811193.646537,
        "title" : "Untitled",
        "transform" : [
          0.6973539,
          -2.4542652e-09,
          0.7167269,
          0,
          0.03633265,
          0.99871427,
          -0.035350602,
          0,
          -0.71580535,
          0.05069247,
          0.69645745,
          0,
          -8.628094,
          1.8492683,
          6.5573378,
          1
        ]
      },
      {
        "date" : 763811182.498819,
        "title" : "Untitled",
        "transform" : [
          0.50612944,
          1.3509904e-10,
          0.8624575,
          0,
          0.12465732,
          0.98949933,
          -0.07315461,
          0,
          -0.8534011,
          0.14453734,
          0.5008148,
          0,
          -10.205427,
          2.9768372,
          4.1487923,
          1
        ]
      },
      {
        "date" : 763811175.969675,
        "title" : "Untitled",
        "transform" : [
          1,
          0,
          0,
          0,
          0,
          1,
          0,
          0,
          0,
          0,
          1,
          0,
          0.006162733,
          0.75898135,
          4.722192,
          1
        ]
      },
      {
        "date" : 763809623.296063,
        "title" : "Untitled",
        "transform" : [
          0.71221566,
          -2.8366518e-09,
          0.7019607,
          0,
          0.16892783,
          0.97061163,
          -0.1713957,
          0,
          -0.6813312,
          0.2406514,
          0.6912848,
          0,
          -4.38011,
          2.3247747,
          2.5994906,
          1
        ]
      }
    ],
    "B468B924-471E-424F-BFBD-3D6CD9DE8E69" : [
      {
        "date" : 763812648.470398,
        "title" : "Untitled",
        "transform" : [
          0.9981905,
          8.8313723e-10,
          0.06013114,
          0,
          -0.007043095,
          0.99311674,
          0.11691691,
          0,
          -0.05971723,
          -0.117128834,
          0.9913197,
          0,
          -0.15025264,
          0.47377467,
          3.6866307,
          1
        ]
      },
      {
        "date" : 763812603.668909,
        "title" : "Untitled",
        "transform" : [
          0.9981904,
          8.831371e-10,
          0.060131133,
          0,
          -0.007043095,
          0.99311674,
          0.11691691,
          0,
          -0.05971723,
          -0.117128834,
          0.9913197,
          0,
          -1.6312299,
          2.4738657,
          27.078787,
          1
        ]
      },
      {
        "date" : 763812601.086751,
        "title" : "Untitled",
        "transform" : [
          1,
          0,
          -0,
          0,
          -0,
          0.7071069,
          -0.7071067,
          0,
          0,
          0.7071067,
          0.7071069,
          0,
          0,
          22.829422,
          14.861331,
          1
        ]
      }
    ]
  },
  "sceneViewportBackgroundColors" : {

  },
  "selectedSceneRelativePath" : "Immersive.usda"
}